+16122390911
+13174637264
+13177521756
+18324361309
+15862777005
+16027404712
+18323357355
+13179287544
+16122450450
+16028750756
+18324353797
+18325447781
+14844787640
+14848307195
+16124610294
+14843823142
+15865926241
+13174171862
+12104256423
+18327565740
+12107652610
+14848323135
+13173629695
+12104523112
+14843506824
+18329335811
+18322268948
+13172198058
+15864419789
+15867191078
+16128603296
+13179180544
+14842493824
+16123854483
+13177171763
+14847053188
+13174066960
+18329099726
+12107897679
+13177379548
+14842898053
+18328971980
+12105055926
+15868794755
+13173320789
+18324773475
+16026779146
+16128605355
+18324194351
+18326896767
+18323295366
+16027315820
+16128426925
+18329844494
+16127078744
+12108481328
+16025962733
+18325793878
+18323628962
+18324529081
+16025513284
+16027048452
+12108101186
+12102758604
+15863273508
+15863826900
+14844782412
+18328990109
+15865256971
+18324921845
+16028773238
+13176199482
+15863060374
+13172675294
+18324905001
+12106248748
+12106461664
+14846135309
+16122711868
+12103158773
+16026543412
+18327168066
+16028039829
+16025920375
+14845538557
+12102379611
+18322455056
+16122392357
+13174020584
+16026289373
+18326400884
+13173844764
+15862468146
+15863298952
+16124538283
+16029990271
+13178014207
+12102744590
+18324014889
+12107235282
+18328071187
+18325446634
+14845137868
+18328402164
+12105375834
+16028286463
+12103912336
+13176859983
+18323827588
+18322532632
+13173602766
+15862588631
+16123221191
+14847474290
+14842438354
+14847218640
+14846619014
+12102885269
+14845466648
+12102164924
+14845442216
+12107188847
+14847359488
+15862411479
+13176579588
+16127439239
+16025616592
+12108540931
+15864191132
+18324440634
+16027435033
+12103944280
+14842558438
+13178097493
+14843549939
+12103819104
+16128692456
+18327132994
+14844840259
+18324576642
+14843409939
+16123274982
+14849823249
+15867037475
+12108458331
+16128864725
+16025830304
+18329878534
+12103432612
+18328151593
+13177533472
+16026152293
+12108808335
+18323608359
+12108877147
+18323359529
+12102397650
+18326062931
+18323908337
+13179087008
+18323596563
+16025153559
+13179394598
+14845228371
+18325579682
+16024036573
+12109206743
+16028775776
+14847071173
+16026957777
+16026637560
+12108597624
+14847693217
+13177662848
+18323483943
+13176508843
+16124725971
+18329678687
+16027907880
+18323403847
+15869459144
+18328717882
+13174604918
+18328524408
+18328919883
+18325315463
+18323926729
+18328919773
+18324620263
+18328895206
+12108039108
+18328352740
+16122393664
+18323855268
+14843630313
+12109478581
+16123889242
+13178578872
+15869464339
+16024976030
+16025454604
+14849825519
+14848859469
+16023150864
+14844578273
+14843030513
+12103871925
+18329567045
+16027692819
+13175250852
+12109433452
+12109061219
+16023422633
+15868791562
+12107490191
+12109991063
+18329984594
+12103243021
+15865883728
+16128306446
+12105003886
+14845650457
+14849254916
+13176987533
+16026078021
+18325074943
+14848667736
+18329353110
+18322287506
+16028312538
+13175011532
+18324978878
+12109072338
+18327889364
+18327841540
+15864848323
+18327578143
+13173720713
+16123102745
+12109026631
+18327139104
+13173712528
+16020700765
+16025704509
+18322369287
+13179194907
+18325077404
+16026221234
+12107881177
+13176010660
+16125642899
+18325742126
+16124334237
+14844335379
+13174173269
+12103167374
+18326836064
+18329222672
+18325406179
+12108230741
+13177227808
+14846878140
+16026923460
+18326510268
+18326389828
+13178013232
+16122077074
+13174074198
+13175120554
+16027565606
+13173331865
+13173619852
+12106054785
+12107890245
+14846789661
+14845065808
+18323151340
+14847146160
+13175193631
+15863516817
+14846453043
+14846865064
+12106087165
+13174591033
+13175095604
+16029306075
+16122754185
+14843506994
+13174609580
+14846512340
+12109808139
+18324458659
+18328747373
+18329014238
+18322908662
+14842648013
+18327395148
+16023187700
+16127161314
+18329148211
+14843167274
+18325420669
+14846364356
+12107399415
+13179661775
+16127082956
+12107401945
+14842900784
+16026229497
+18328164205
+18328516467
+13175313071
+18328990445
+18324259831
+15867030506
+16025275811
+16124070055
+16124131725
+13177965807
+16122987910
+18324729533
+13174396499
+18323222944
+16125125092
+18329355628
+18328159110
+12102161853
+12107230631
+18328667359
+12107109244
+14846502382
+14849476317
+16028858425
+16122277861
+12109144259
+14843536693
+15865634313
+13172138091
+16024636603
+18325584084
+12106270044
+16026684689
+13173413522
+13179031901
+18323724287
+18322366911
+14849548781
+16125180950
+16024603492
+12108108337
+18325738672
+13173791331
+16123080742
+13175839036
+16122051323
+18327187208
+18323172519
+16122010258
+12106609485
+12102693122
+18329407494
+18329789001
+13177607247
+18324259307
+12102759794
+15864539492
+13176898033
+13176560575
+16122199169
+12107053100
+16025867554
+14845369574
+16027065044
+18326964442
+13174520496
+14846800408
+16129645192
+12108657371
+18325086323
+16123822143
+15862149790
+13172207990
+12103896831
+14848441556
+18326546099
+12103244254
+16024652398
+12107928981
+18327322994
+18327200120
+12104899315
+16025502525
+16028095984
+13172631079
+12107931745
+18327278174
+15864055792
+12108909001
+16027425655
+18324078582
+12102750502
+12107813056
+12105381006
+18324758982
+18326426695
+14844014418
+18323479450
+18325300155
+16023348649
+18326280401
+16122297911
+18328663545
+13174204070
+15862421465
+18328589274
+13177355862
+12104005094
+12107934267
+18327236332
+13175495217
+18324287232
+12108341611
+18327318815
+14845756788
+14844779920
+18325407836
+18324771148
+14844532919
+16024880413
+16027421880
+16022992755
+12106645216
+15868727325
+18324808789
+18328132951
+14849941101
+18328467225
+18327599067
+13174352885
+14848040268
+12103785999
+12103691133
+14845600485
+16028208002
+16125902632
+18323637759
+16122265787
+18326171130
+18329234340
+18327147842
+18323182244
+16028854510
+16028461429
+16027106770
+18324143403
+15864438410
+15868732047
+18329191421
+14842310503
+16129164244
+16126144123
+14843755091
+16127103039
+12109472439
+14848029588
+18329227601
+13172580323
+14843186628
+13175579058
+16025782178
+18325679477
+16025743243
+18328896745
+18327288161
+12106890464
+14849958421
+15867070456
+16025257706
+18322734656
+14847692589
+18324127288
+14843678887
+18323505520
+14847999860
+13175317670
+12107778283
+18324808190
+18324667093
+12102965353
+13174412314
+12102184186
+18329612687
+18326040684
+12103230608
+16025414846
+16129986330
+16026062557
+15862488825
+12109131059
+13175073851
+16025710288
+18322039603
+13174380802
+18325175939
+14847588040
+12108062435
+16022144717
+18324929674
+18328296735
+16023348723
+12105486876
+14844807230
+18325148661
+16128595985
+12109555280
+13176282577
+14848806502
+16122892500
+18327625399
+14849812384
+16126662401
+13175506910
+12108235229
+13176652258
+18325743431
+13179607940
+14849952469
+14844690423
+16127907718
+16122983768
+18322157983
+14848484542
+18328411702
+13173703434
+13175158094
+13174802103
+18329966217
+14845317423
+16029803317
+12107440345
+15862449518
+15864849843
+18324387640
+14843582943
+15868733526
+13175905208
+18324040305
+16029628972
+16024135154
+18322458093
+18329968698
+13174423695
+16122572241
+16127774213
+15868220548
+12102370858
+18328872166
+13177468837
+18328940499
+18326547134
+12102593667
+12106018305
+16129616183
+13174180530
+15864227822
+14846385275
+13179911500
+18322648762
+12109991529
+16122966291
+13174131370
+16127073605
+18326385582
+18326579118
+18322874446
+13175063356
+14846201936
+15869073846
+16128679980
+18324052637
+12109888523
+18327151261
+18323473802
+16124192045
+16029899048
+15869613549
+14847981720
+13174022520
+14848985579
+18323721832
+18322024356
+18327661021
+12105080454
+18323503120
+18323323759
+16122322789
+12102138568
+15862381571
+16029099632
+12109296439
+18327128980
+18325086187
+18327093395
+16122106118
+18328695200
+16027525874
+12103735109
+16125180442
+15862656618
+16127913329
+18325089620
+16128650361
+18325276862
+18329739898
+13179190658
+13178686752
+13172943513
+16123985602
+12105428196
+18326962021
+16029308839
+18322598825
+12102756558
+12106252047
+13177465829
+13174194447
+12107608379
+13177486061
+16122093966
+18329295596
+16028605483
+12108380272
+18324890293
+16025545289
+15864808816
+12102195283
+16124045928
+16026747441
+12109863430
+16125819993
+18324456121
+18329653427
+16029078141
+16127725660
+16027022773
+16023636758
+13176426809
+14849225344
+16129633604
+12106012519
+18323539705
+16128597893
+18324885013
+16027639510
+16127093826
+16023594275
+13176955348
+12105082952
+15868637665
+12107772968
+16028598149
+16028828237
+18326775628
+16027267737
+18326297213
+13178008160
+18325069122
+16123847211
+16025057566
+12102879647
+12103715018
+14847734777
+18325152192
+16124812717
+18327450586
+16122266219
+18325237022
+13175310963
+12104975233
+12108348234
+13177017531
+18324316157
+14845352355
+18325208641
+18328080608
+18323704018
+16128013585
+16023540858
+13177240440
+13177718833
+15863824440
+16025008747
+13179193541
+12107377247
+18322170515
+16028025235
+12106397361
+13177485192
+16127152765
+14842931041
+12108842157
+15862121302
+18326335706
+18322795850
+14845137637
+18324345020
+16023262469
+16025517639
+13177302463
+13176544159
+16125014582
+16122511865
+18329781598
+16026688365
+12106635512
+15865244596
+16129878575
+15865650002
+14848027405
+12103304265
+18329038598
+16022064617
+18326270706
+18324651397
+16122802416
+18323711358
+16122033006
+18325490138
+12106128620
+14843180061
+16122906935
+16027161755
+16024328032
+16028009515
+14846677318
+16027337285
+16023201966
+16025854313
+13177978423
+15866599530
+18327270655
+16029076284
+12108600140
+18326897706
+18328890867
+18325256094
+18328902824
+16124389109
+13175511399
+18325195220
+16127080524
+18325174675
+16025178177
+16127107444
+12106431382
+12104637051
+16027772765
+14848182163
+18329338946
+12104103328
+16123840351
+13177771629
+14849297534
+12106438033
+12107097904
+18326052366
+18328887622
+18327981768
+13175482295
+16027903445
+12105429842
+18322120187
+16024753211
+14847699771
+18325610296
+16122391525
+14845697771
+13177721322
+12102379064
+14843578877
+13172707030
+16027903808
+13178271393
+18327755653
+16027417217
+15862659314
+18325033638
+15868232544
+18329422596
+16123877686
+12107692178
+12107711858
+16027858080
+12108601970
+18327065982
+14847647978
+14848869716
+14848647672
+12107824316
+18323220064
+18324108068
+12104626915
+16027319208
+14846613402
+16023014796
+18322570965
+12102605842
+14844014234
+18322488981
+16122487777
+15862556657
+16127209326
+12108368425
+16128656135
+16127919945
+16124680770
+18329354292
+13172589800
+18324457394
+18324653562
+13176943742
+18323725993
+12104425211
+13175130422
+16125784942
+13174474318
+14843437403
+18324256877
+13179608852
+12109315602
+18328006050
+13177227883
+16023507216
+16023034832
+18326413459
+16027385924
+14846498874
+18327235272
+12106389353
+16026628992
+16026961536
+14842640991
+13175155843
+14843579641
+15867072648
+14848663685
+15867475080
+16025458301
+14847145558
+18329774767
+15867333510
+18325082949
+18329969961
+12102605881
+18327189045
+13176960679
+12105199863
+18325967354
+16023505467
+18329682711
+12109663390
+12104261502
+16025017903
+14842392684
+14845602322
+18325442723
+16028043935
+14842749017
+12108788393
+14842496156
+18326542530
+12104107081
+15863223662
+12109821653
+16026935169
+13176549973
+14845076974
+16025050906
+13174395862
+16026427424
+18328962336
+16127099468
+15868040543
+18324038459
+16127709336
+16025413921
+12106657229
+14843350640
+13172257650
+16025830389
+18325802391
+16122742534
+16024195567
+14844599709
+18323702885
+13177905041
+14849354456
+18324277974
+15866231433
+13174486873
+12106125580
+13173580246
+12109487296
+16123084538
+15862980695
+16027933080
+18323173030
+13175507548
+16028752238
+16025868782
+14845387739
+18329232943
+14843589298
+18324751868
+18328754918
+16126446949
+13172136053
+12106392613
+16028133665
+12103636188
+18325749515
+12107480837
+14849603639
+12103139508
+16025174075
+18327755702
+12108838215
+12108597637
+14849355489
+12106067200
+18322628384
+12105714369
+12103939476
+12107821115
+14845228815
+16026446798
+12106639169
+14843542918
+18324255166
+16028925332
+12107429994
+13175529718
+15862469384
+18327465722
+16126702165
+15867411090
+16122980417
+15863394806
+13179701497
+16025710829
+18322621443
+18329555943
+14845420334
+14848663208
+18326957672
+15869148691
+16026975037
+12105424585
+18329037418
+18329238653
+13179376283
+15868043100
+12103797454
+18326792263
+12109990772
+12108443465
+16128343485
+14842015658
+16124388352
+14844781069
+16025513570
+16124172116
+12102892911
+18328132106
+13177503522
+18329644106
+18324144202
+18325307997
+18322029658
+16126187718
+12102379969
+12108892515
+18322897410
+16027589857
+18323162322
+16023969088
+12106205212
+13172634242
+15866044621
+13179034341
+16029092668
+16025177312
+18327994956
+15865999080
+18326073758
+16027932109
+12109475745
+12102132887
+12102739447
+12104655185
+16025298232
+14844099235
+16029990500
+14845971561
+18322072049
+16027830766
+16126011620
+13176686652
+14845097136
+18329178394
+16128068495
+16029039704
+16125992753
+18324043305
+13178233754
+12102167003
+14844522947
+18323561586
+14842016247
+14845383052
+16125982496
+14847676536
+18323727529
+16122201623
+12105521213
+18322082154
+15862462325
+12104173570
+12103839471
+18322126742
+12105198890
+18329190348
+12106394605
+14843300413
+18325621947
+16024101626
+12104307104
+18328922942
+18327042924
+14842258616
+14845972183
+18322194282
+18323813569
+13178542669
+18324392012
+14846965624
+18326000904
+18326070445
+16127438270
+16124186542
+12106053571
+16025104242
+12109350679
+12107622116
+18326182558
+13174038120
+18328607508
+18328773718
+12102690048
+16025057484
+16027391189
+18326395077
+13177668837
+18322891900
+18322797694
+12108231518
+18323638090
+12106684176
+16122098952
+18324459071
+13178273719
+18324699992
+13177775911
+16126445316
+15868041673
+16126440640
+18324943187
+18326731639
+18326385563
+13178689600
+12102627815
+16028190278
+14848150528
+16124757172
+13177725379
+13177021416
+16124045332
+12107445424
+12109142527
+16024307149
+12104005933
+16128671282
+12104166530
+16027270150
+13172960023
+18328804564
+18327264072
+13179850015
+14845442221
+13173648064
+13174302604
+13176029711
+14845106465
+18329989923
+14842791909
+13176546637
+15866366417
+15867385093
+16026898412
+18328416037
+16024186066
+16125591617
+18326706100
+18322219357
+16125170951
+18325350280
+12102550742
+13178939525
+13178284991
+18325519055
+12104542107
+15868993243
+16022457835
+13174302999
+16024203747
+12109822109
+12108952467
+13176297667
+13172502686
+15868231090
+16123587756
+18323108612
+14847729165
+18325062202
+15868232106
+18328592024
+16026536246
+18327191382
+12104107285
+16025384328
+18326843686
+13175659964
+16027421296
+14849428615
+16124538085
+15863444195
+12108792455
+14845441974
+18324212237
+16024025276
+16025510006
+18328991870
+16023766058
+16028826829
+16026535939
+14844328336
+18322217535
+12106066601
+14847056060
+16128064667
+16027408288
+16023302380
+13175298958
+16124873172
+18327266030
+18328588256
+12103860911
+16024877734
+16029992290
+14849540788
+12105290992
+13179935821
+12105748904
+14846676946
+12104642309
+18328832660
+14846242394
+12104806818
+18324895671
+16122263120
+18323929040
+12108871141
+18324490572
+16024837815
+18329940491
+16023090365
+18324300242
+13177788979
+12107017453
+14842804906
+16128011022
+18322472726
+18323689422
+12108792348
+15862929676
+15862908131
+15862090002
+12108447972
+13179732655
+16027501511
+16027816573
+18329092556
+14842134207
+18328914523
+13175317230
+16023570699
+12105550998
+16124018837
+16128766468
+16025778716
+16025634529
+15862223950
+13177608989
+14848443867
+16122865810
+15869079357
+18326064924
+14843434666
+12107101150
+18326862692
+16025160263
+12102757958
+16123868586
+12104146680
+16023736379
+16025091145
+16027426949
+16028847599
+15863824849
+18324215578
+18325107328
+18326593346
+18322470092
+16025713433
+16124226164
+18323610700
+12102942804
+14844536159
+13174964996
+12109943547
+16125170705
+18328303314
+12107422679
+18326751250
+18327468796
+18327015013
+18328695131
+18328376588
+18328470367
+12106398010
+13173405588
+16027708078
+16027809337
+12104201129
+15862952148
+18323292979
+13177014359
+18329889101
+12109013351
+12106170865
+15863593360
+18329191126
+18322151353
+18323393558
+18327993182
+15862804624
+18329554137
+12103855236
+14845973364
+18324339245
+16124072226
+14846357435
+18324773277
+18325411685
+13173742167
+14848834175
+18323162571
+18324771247
+16128345970
+12104418227
+14849217056
+16023778217
+16025521206
+18327664788
+12107101340
+15863374165
+16124813683
+18327406462
+14844647077
+13177469100
+13173397486
+15862050856
+16024137472
+13175839563
+13176672591
+12107054735
+13174403457
+12108079911
+18326752100
+16028517051
+14843625164
+16026776282
+14847697708
+18323530984
+13176272569
+16124659741
+13172858786
+15866348168
+18322740700
+14849488641
+16024814771
+16023917625
+13173793623
+12102322598
+16122077046
+13178647298
+12107533574
+18324531773
+13172130323
+16027909245
+14847481290
+15862433444
+13175880673
+16023505840
+12108536300
+13179384894
+16124028397
+14846021321
+18323182760
+16129980366
+13174004646
+16129656669
+18328683852
+16023139478
+14848157215
+12108187361
+16127026627
+13174355653
+16028000091
+18327211666
+16029089898
+18327106310
+16027693802
+18329829960
+18328537115
+16127473055
+16024890176
+16024784122
+13179739643
+15862893256
+15866902276
+13175048101
+18329028170
+18329101003
+16028820669
+16029194387
+16027513673
+18329096380
+16027159602
+16029201529
+14845578356
+14846454208
+18329645353
+18329149444
+18323315304
+18324723785
+12108033276
+16025963146
+13172948754
+13173583586
+18329480563
+12107252782
+12103252372
+16126365424
+13178938537
+12104146057
+16023868634
+14846550527
+13177462160
+14847884690
+16123846449
+18327107928
+16026202055
+14844801775
+12107211290
+14847249185
+16024128631
+12104279270
+13179194718
+16122826667
+18327196744
+16125324652
+18328805928
+14845154585
+12103640277
+12102500525
+16129981051
+18322914281
+18325456924
+18327885184
+18329889256
+16027607757
+12108595712
+18329417022
+16026771034
+15862227232
+12102009480
+16027511898
+16027901908
+18326422166
+14847162738
+14848902344
+16023019523
+16026941358
+16025834253
+14845426452
+12104699788
+12105019964
+18329613807
+14849955217
+16027051847
+16129786032
+13179873392
+16028844519
+18327205353
+18324012113
+18322363351
+14848681109
+16124968375
+16122016066
+12107827174
+18325281280
+12103132065
+12104294046
+13175020603
+15863052047
+15867700845
+18322787577
+16127300931
+18325575743
+16022843483
+18323303115
+12107879240
+12107715819
+12103677661
+16027275214
+18323328376
+18328603667
+16124621961
+13176656995
+14847818220
+16023451421
+16023308124
+16023867633
+14843664327
+16026890869
+16027906126
+16023263263
+18325457422
+14848445341
+18325712553
+16128128102
+16025174781
+16124633485
+13179377467
+18328609217
+16026175966
+18329074492
+18325940575
+16025404094
+12104633940
+15862773540
+13177219857
+18327975374
+18329076070
+13175201090
+12103189234
+13173318602
+12106495206
+14848096772
+18322381666
+16023209472
+13172013772
+14845466650
+13174908657
+16125999159
+14848158515
+18325888776
+16129686240
+12108490067
+14843492037
+16129192353
+18327290606
+12108828951
+16126696324
+16028817770
+15865256585
+12106307908
+16122549461
+16126699406
+16127094696
+13179702006
+18325295976
+16022842240
+13174683592
+16122698775
+13174413206
+12108441690
+16027487695
+16123107649
+16127993518
+13179872684
+12103439484
+12108386089
+12107243966
+18324965480
+14846398380
+16128070669
+16025762028
+16125816356
+18328919776
+13174961210
+16128594849
+18323163458
+16026982507
+16026702103
+16026868483
+16026533916
+16026184942
+16026035618
+16026853911
+16026446217
+16026527540
+16026722031
+16026949008
+16026431542
+16026908287
+16026763309
+16026550445
+16026686162
+16026643150
+16026714664
+16026558435
+16026263055
+16026119856
+16026667783
+16026107234
+16026800589
+16026058664
+16026061704
+16026096296
+16026104757
+16026225833
+16026415888
+16026934962
+16026348587
+16026516477
+16026851252
+16026047731
+16026858884
+16026286801
+16026417767
+16026683984
+16026267218
+16026418830
+16026544716
+16026352967
+16026379271
+16026684128
+16026340764
+16026720703
+16026098295
+16026880793
+16026636454
+16026140514
+16026330435
+16026500952
+16026082545
+16026618895
+16026687282
+16026216755
+16026094664
+16026768595
+16026411598
+16026907950
+16026231520
+16026942977
+16026890845
+16026739568
+16026982232
+16026782495
+16026790089
+16026884991
+16026855083
+16026788387
+16026895273
+16026334917
+16026319428
+16026291612
+16026246090
+16026534402
+16026881720
+16026674114
+16026545703
+16026280997
+16026979780
+16026508915
+16026729198
+16026398925
+16026601423
+16026599520
+16026179209
+16026807960
+16026209811
+16026871184
+16026563595
+16026771317
+16026343025
+16026778905
+16026372430
+16026819207
+16026719005
+16026973219
+16026698125
+16026637579
+16026129432
+16026236952
+16026355341
+16026073224
+16026181353
+16026645079
+16026501271
+16026796407
+16026464608
+16026482332
+16026213281
+16026202595
+16026922010
+16026319015
+16026391865
+16026794287
+16026078217
+16026300733
+16026727491
+16026646423
+16026693828
+16026353733
+16026660662
+16026411750
+16026551726
+16026620684
+16026890341
+16026932757
+16026372924
+16026912005
+16026841283
+16026546240
+16026504971
+16026787754
+16026035403
+16026357507
+16026800641
+16026028893
+16026257954
+16026187965
+16026216269
+16026127236
+16026157793
+16026376664
+16026349380
+16026538261
+16026179739
+16026102970
+16026338764
+16026801059
+16026992021
+16026488390
+16026596123
+16026211889
+16026142415
+16026044623
+16026665633
+16026930618
+16026834950
+16026216668
+16026836588
+16026499148
+16026771227
+16026978366
+16026272503
+16026104109
+16026901037
+16026487534
+16026364777
+16026901634
+16026360615
+16026035116
+16026770247
+16026224442
+16026909154
+16026290998
+16026799001
+16026273555
+16026315720
+16026674536
+16026817852
+16026438339
+16026722506
+16026571656
+16026543948
+16026618610
+16026761194
+16026287363
+16026242741
+16026392891
+16026099909
+16026004193
+16026717116
+16026207157
+16026882445
+16026339376
+16026903327
+16026755332
+16026619574
+16026037456
+16026037928
+16026098701
+16026234413
+16026299133
+16026148532
+16026810884
+16026621881
+16026539833
+16026667774
+16026859048
+16026626521
+16026621117
+16026961668
+16026539041
+16026238041
+16026356313
+16026886311
+16026104954
+16026145702
+16026541338
+16026570785
+16026268234
+16026886018
+16026941232
+16026700231
+16026531110
+16026534471
+16026982911
+16026671851
+16026369730
+16026315549
+16026031422
+16026855780
+16026982814
+16026379248
+16026221941
+16026219928
+16026127319
+16026101735
+16026426150
+16026756333
+16026306918
+16026656236
+16026619217
+16026386170
+16026694984
+16026103620
+16026821645
+16026028392
+16026400880
+16026889475
+16026189619
+16026165247
+16026207208
+16026713359
+16026159895
+16026698310
+16026715853
+16026413747
+16026668379
+16026543723
+16026535315
+16026022403
+16026746089
+16026593734
+16026389163
+16026873042
+16026338101
+16026226174
+16026747087
+16026795189
+16026599363
+16026929730
+16026317895
+16026126029
+16026306942
+16026660399
+16026551052
+16026087899
+16026025386
+16026803581
+16026788887
+16026290472
+16026748900
+16026119148
+16026800576
+16026355748
+16026357072
+16026088585
+16026438783
+16026934223
+16026878847
+16026778401
+16026200367
+16026521088
+16026242868
+16026028044
+16026729008
+16026726036
+16026878807
+16026463656
+16026908252
+16026291751
+16026874343
+16026935904
+16026554218
+16026577100
+16026791990
+16026279098
+16026167160
+16026757385
+16026415322
+16026582448
+16026996662
+16026532922
+16026481241
+16026198569
+16026152901
+16026504742
+16026609010
+16026115737
+16026058935
+16026067404
+16026407465
+16026838921
+16026141815
+16026173946
+16026897674
+16026913738
+16026597707
+16026749793
+16026604581
+16026766388
+16026157021
+16026195926
+16026859392
+16026612610
+16026025644
+16026290596
+16026223975
+16026861994
+16026376117
+16026583344
+16026550775
+16026416843
+16026684305
+16026076010
+16026573779
+16026995969
+16026048631
+16026672345
+16026785437
+16026492856
+16026785717
+16026318820
+16026972958
+16026973924
+16026763797
+16026324143
+16026991260
+16026072575
+16026884383
+16026093757
+16026229385
+16026302950
+16026748890
+16026530291
+16026151167
+16026967290
+16026777258
+16026285983
+16026327165
+16026963856
+16026152925
+16026819153
+16026562637
+16026849101
+16026752370
+16026250292
+16026570890
+16026134637
+16026025834
+16026276496
+16026377470
+16026073044
+16026684059
+16026591537
+16026536838
+16026215199
+16026966896
+16026735622
+16026835966
+16026059207
+16026908864
+16026823500
+16026899109
+16026645702
+16026416690
+16026115660
+16026698292
+16026800990
+16026990806
+16026040306
+16026692910
+16026950982
+16026603292
+16026079383
+16026587593
+16026177417
+16026392980
+16026091407
+16026775889
+16026408871
+16026106861
+16026677831
+16026390704
+16026764518
+16026930106
+16026051171
+16026841555
+16026127696
+16026000684
+16026879079
+16026100575
+16026991356
+16026745339
+16026838503
+16026623747
+16026556898
+16026299109
+16026860009
+16026853977
+16026521476
+16026887989
+16026658320
+16026334947
+16026325611
+16026733844
+16026900545
+16026513061
+16026250434
+16026540697
+16026604719
+16026430033
+16026044965
+16026131473
+16026106770
+16026193728
+16026504268
+16026940306
+16026061171
+16026360476
+16026839029
+16026459470
+16026693920
+16026570716
+16026970454
+16026005508
+16026047499
+16026940906
+16026207622
+16026321338
